106607925244112305
106602746474004053
106608484626782834
106608512420469319
106608515839837356
106608137857017821
106608137857017821
106613023862044317
106613023862044317
106613012519474178
106613012519474178
106612935155044347
106612935155044347
106612934250270230
106612934250270230
106612933955785608
106612933955785608
106612933381081727
106612933381081727
106613051053931514
106613055590676410
106613055590676410
106613065901791675
106613065901791675
106613067783619065
106613067783619065
106613067092068552
106613067092068552
106613067092068552
106613067004573604
106613067004573604
106613068784082906
106613068784082906
106613075359222687
106613075359222687
106613077940330746
106613077940330746
106613080426220684
106613080426220684
106613080141118652
106613086643972980
106613090579324532
106613090579324532
106613119099588937
106613119099588937
106613120487041587
106613120487041587
106613122742066910
106613122742066910
106608782621684422
106613139781547785
106613145197361444
106613145197361444
106612930936796931
106613155763456561
106613140770609907
106613162270926113
106613249101424206
106613255576688110
106613284457548271
106613313077468078
106613320087495341
106613336871046184
106613380639320825
106613403675809349
106613464596902952
106613497928640611
106613513601166529
106613526388935574
106613527982907703
106613605905801743
106613611768379498
106613597513278910
106613771846281516
106613765557460867
106613996479475842
106614001049880115
106614047170157960
106614049066761004
106614055128034514
106614074189283143
106613769750645918
106614087549121224